01011001100100101010101000000011
01011001100100101010101000000001
01011001100100101010101000000010
10101010101000010101000101010001
10101010101000010101000101010001
00000000000010101010010100000000
10101010101000010101000101010001
01011001100100101010101000000000
10101010101000010101000101010001
10101010101000010101000101010001
10101010101000010101000101010001
00000000000010101010101000000000
10101010101000010101000101010001
10101010101000010101000101010001
10101010101000010101000101010001
10101010101000010101000101010001
01011001100100101010101000000000
01011001100100101010101000000110
01011001100100101010101000000111
01011001100100101010101000001110
10101010101000010101000101010001
10101010101000010101000101010001
11111111111100000000000000000000
10101010101000010101000101010001
10101010101000010101000101010001
10101010101000010111000101010001
10101010101000010101000101010001
10101010101000010111000101010001
10101010101000010111000101010001
10101010101000010101000101010001
10101010101000010111000101010001
10101010101000000001000101010001
